$ 1 0.000005 0.011943296826671963 50 5 50 5e-11
t 400 288 400 240 0 1 -1.6273119965023108 0.1927921315899863 100 default
w 416 240 432 240 0
r 400 288 480 288 0 220
t 400 144 400 192 0 1 -1.627311987371227 0.19279214072107012 100 default
w 416 192 432 192 0
w 384 192 352 192 0
r 400 144 480 144 0 220
s 480 144 512 144 0 1 false
w 384 240 352 240 0
w 352 192 352 240 0
s 480 288 512 288 0 1 false
w 512 144 528 144 0
w 512 288 528 288 0
w 432 192 432 208 0
w 432 240 432 224 0
w 432 208 432 224 0
w 432 208 528 208 0
w 528 144 528 208 0
w 528 288 528 208 0
v 592 352 592 256 0 0 40 5 0 0 0.5
w 592 352 352 352 0
w 352 240 352 352 0
w 592 144 624 144 0
162 624 144 624 256 2 default-led 1 0 0 0.01
w 624 256 624 352 0
w 624 352 592 352 0
w 560 144 592 144 0
w 560 144 512 144 0
r 592 256 592 160 0 220
w 592 144 592 160 0
