$ 1 0.000005 10.20027730826997 50 5 50 5e-11
t 272 144 224 144 0 1 -4.599949216991428 0.21731236622851546 100 default
t 272 224 224 224 0 1 0.035137184750008904 0.2178753883669419 100 default
w 224 160 224 208 0
w 224 240 224 272 0
r 272 144 336 144 0 220
r 272 224 336 224 0 220
w 352 144 336 144 0
w 336 224 352 224 0
r 496 272 400 272 0 220
w 128 272 224 272 0
w 224 272 400 272 0
v 128 272 128 32 0 0 40 5 0 0 0.5
t 480 144 544 144 1 1 -4.599949217098669 0.2199979226865755 100 default
t 480 224 544 224 0 1 -4.782124396323425 0.03782274346181963 100 default
r 480 224 400 224 0 220
r 480 144 400 144 0 220
w 544 160 544 208 0
w 224 32 384 32 0
w 384 32 400 32 0
r 128 32 224 32 0 220
w 416 32 560 32 0
w 416 32 400 32 0
w 544 160 560 160 0
w 560 160 560 32 0
w 544 128 576 128 0
w 576 128 576 240 0
w 576 240 544 240 0
s 304 80 368 80 0 1 false
w 240 80 304 80 0
w 400 144 368 144 0
w 368 144 368 96 0
w 368 96 368 80 0
w 240 80 224 80 0
w 352 144 368 144 0
w 352 224 400 224 0
w 224 96 304 96 0
s 304 96 352 96 0 1 false
w 352 96 352 224 0
w 224 128 224 96 0
w 224 96 224 80 0
w 224 80 224 32 0
162 576 272 496 272 2 default-led 1 0 0 0.01
w 560 32 624 32 0
w 624 32 624 304 0
w 576 240 576 272 0
