$ 1 0.000005 10.20027730826997 32 5 50 5e-11
t 240 160 240 208 0 1 -0.01219240066779495 0.10106422885674994 100 default
t 352 144 352 208 1 1 0.008870172486075245 -4.877873196873159 100 default
w 256 208 336 208 0
w 208 208 176 208 0
w 368 208 416 208 0
v 528 272 528 112 0 0 40 5 0 0 0.5
w 416 208 416 112 0
w 416 112 528 112 0
s 352 64 400 64 0 1 false
r 352 64 352 144 0 220
w 400 64 528 64 0
w 528 64 528 112 0
r 240 64 240 160 0 220
s 240 64 288 64 0 1 false
r 176 208 128 208 0 220
162 208 256 112 256 2 default 1 0 0 0.01
w 240 272 528 272 0
w 288 64 352 64 0
w 112 208 128 208 0
w 208 208 224 208 0
w 112 208 112 256 0
w 112 256 112 272 0
w 112 272 240 272 0
r 208 208 208 256 0 220
