$ 1 0.000005 10.20027730826997 50 5 50 5e-11
t 400 80 448 80 0 1 0.6298204552557567 -0.8272231748204457 100 default
w 112 336 320 336 0
w 352 336 320 336 0
w 608 80 608 64 0
r 112 48 240 48 0 220
162 224 32 80 32 2 default-led 1 0 0 0.01
w 80 32 80 336 0
w 80 336 112 336 0
w 224 32 608 32 0
v 112 288 112 224 0 0 40 5 0 0 0.5
w 112 288 112 336 0
w 112 160 112 192 0
r 128 80 224 80 0 220
w 112 192 112 224 0
w 112 112 112 144 0
w 112 144 112 160 0
w 112 112 112 96 0
w 112 48 112 64 0
w 112 64 112 80 0
w 112 80 128 80 0
w 112 80 112 96 0
w 320 80 320 96 0
r 144 192 208 192 0 220
w 144 192 112 192 0
t 272 224 320 224 0 1 -3.136514828836693 0.2090387486868776 100 default
s 144 112 192 112 0 1 false
w 144 112 112 112 0
r 224 112 272 112 0 220
t 272 112 320 112 0 1 -3.1365148387000406 0.2090387388235763 100 default
s 112 224 224 224 0 1 false
r 224 224 272 224 0 220
w 192 112 224 112 0
w 208 192 320 192 0
r 320 80 400 80 0 220
t 400 192 448 192 0 1 0.6298204552557549 -0.8272231748204937 100 default
r 320 192 400 192 0 220
w 240 48 592 48 0
w 592 48 608 48 0
w 608 32 608 48 0
w 608 64 608 48 0
w 320 128 400 128 0
w 400 128 400 240 0
w 320 240 400 240 0
w 400 240 400 336 0
w 400 336 352 336 0
w 320 192 320 208 0
w 448 64 608 64 0
w 448 176 608 176 0
w 608 80 608 176 0
w 320 192 320 160 0
w 320 160 448 160 0
w 448 160 448 96 0
w 448 208 528 208 0
w 224 80 288 80 0
w 288 80 320 80 0
w 288 80 288 144 0
w 288 144 528 144 0
w 528 144 528 208 0
