$ 1 0.000005 0.17188692582893286 41 5 50 5e-11
t 240 160 240 208 0 1 0.0740167944463514 0.10983873340074359 100 default
t 352 144 352 208 0 1 -1.7102653961644438 0.07401679523528668 100 default
w 256 208 336 208 0
w 416 208 416 112 0
s 352 48 400 48 0 1 false
r 352 48 352 144 0 220
r 240 48 240 160 0 220
s 240 48 288 48 0 0 false
w 288 48 352 48 0
r 528 176 528 96 0 220
v 528 208 528 176 0 0 40 5 0 0 0.5
w 224 208 176 208 0
w 400 64 528 64 0
w 176 208 176 272 0
w 176 272 528 272 0
w 416 112 416 96 0
w 528 64 528 96 0
w 416 208 528 208 0
w 368 208 400 208 0
w 400 208 400 64 0
w 528 208 528 272 0
w 528 176 560 176 0
w 560 176 560 48 0
w 560 48 400 48 0
162 528 96 416 96 2 default-led 1 0 0 0.01
