$ 1 0.000005 2.3728258192205156 53 5 50 5e-11
v 112 304 112 144 0 0 40 5 0 0 0.5
r 176 144 288 144 0 220
t 352 224 416 224 0 1 -1.627311511129075 0.19279350437815285 100 default
w 176 144 112 144 0
w 416 208 416 144 0
w 288 144 416 144 0
162 416 144 480 144 2 default-led 1 0 0 0.01
w 416 240 416 304 0
w 112 304 416 304 0
w 416 304 480 304 0
w 480 144 480 304 0
r 352 224 304 224 0 220
162 256 224 304 224 2 default-led 1 0 0 0.01
s 176 224 256 224 0 1 false
w 176 224 176 144 0
p 48 144 48 304 3 0 0 10000000
w 48 144 112 144 0
w 48 304 112 304 0
p 416 96 480 96 3 0 0 10000000
p 176 96 288 96 3 0 0 10000000
w 176 96 176 144 0
w 288 96 288 144 0
w 416 96 416 144 0
w 480 96 480 144 0
