$ 1 0.000005 0.011943296826671963 50 5 50 5e-11
t 400 288 400 240 0 1 -0.024941867291524922 0.6583667627940102 100 default
w 416 240 432 240 0
r 400 288 480 288 0 220
t 400 144 400 192 0 1 -0.5171503783495375 0.16615825173599763 100 default
w 416 192 432 192 0
w 384 192 352 192 0
r 400 144 480 144 0 220
s 480 144 512 144 0 1 false
w 384 240 352 240 0
w 352 192 352 240 0
s 480 288 512 288 0 0 false
w 512 144 528 144 0
w 512 288 528 288 0
w 432 192 432 208 0
w 432 240 432 224 0
w 432 208 432 224 0
w 432 208 528 208 0
w 528 144 528 208 0
w 528 288 528 208 0
v 592 352 592 256 0 0 40 5 0 0 0.5
w 592 256 592 144 0
w 592 352 352 352 0
w 528 144 592 144 0
r 352 240 352 304 0 220
162 352 304 352 352 2 default-led 1 0 0 0.01
p 480 320 400 320 3 0 0 10000000
w 400 288 400 320 0
w 480 320 480 288 0
p 480 80 400 80 3 0 0 10000000
w 400 80 400 144 0
w 480 80 480 128 0
w 480 144 480 128 0
